4 0.441016 0.656250 0.038281 0.062500
4 0.455078 0.446528 0.030469 0.079167
4 0.589063 0.465278 0.032813 0.069444
4 0.728125 0.486806 0.035937 0.081944
4 0.256250 0.662500 0.039062 0.069444
4 0.155859 0.353472 0.033594 0.065278
4 0.503516 0.580556 0.028906 0.069444
4 0.425391 0.568750 0.033594 0.079167
4 0.346484 0.574306 0.032031 0.068056
4 0.731250 0.584028 0.031250 0.070833
4 0.210938 0.580556 0.034375 0.077778
4 0.198047 0.685417 0.033594 0.068056
4 0.382422 0.467361 0.032031 0.070833
4 0.596094 0.371528 0.034375 0.079167
